image: run2/Map_exploration.pgm
resolution: 0.050000
origin: [-5.870446, -4.057131, 0.000000]
negate: 0
occupied_thresh: 0.65
free_thresh: 0.196

