image: run8/Map_coverage.pgm
resolution: 0.050000
origin: [-5.873530, -4.059630, 0.000000]
negate: 0
occupied_thresh: 0.65
free_thresh: 0.196

