image: run7/Map_coverage.pgm
resolution: 0.050000
origin: [-5.864675, -4.056717, 0.000000]
negate: 0
occupied_thresh: 0.65
free_thresh: 0.196

