image: run6/Map_coverage.pgm
resolution: 0.050000
origin: [-4.574843, -4.059805, 0.000000]
negate: 0
occupied_thresh: 0.65
free_thresh: 0.196

