image: run2/Map_exploration.pgm
resolution: 0.050000
origin: [-3.186155, -2.102084, 0.000000]
negate: 0
occupied_thresh: 0.65
free_thresh: 0.196

