image: iniziale_normale_grande.pgm
resolution: 0.050000
origin: [-5.867680, -4.058517, 0.000000]
negate: 0
occupied_thresh: 0.65
free_thresh: 0.196

