image: run5/Map_coverage.pgm
resolution: 0.050000
origin: [-5.859027, -4.066883, 0.000000]
negate: 0
occupied_thresh: 0.65
free_thresh: 0.196

