image: run0/Map_coverage.pgm
resolution: 0.050000
origin: [-5.870727, -4.063080, 0.000000]
negate: 0
occupied_thresh: 0.65
free_thresh: 0.196

