image: run8/Map_coverage.pgm
resolution: 0.050000
origin: [-3.185665, -4.059651, 0.000000]
negate: 0
occupied_thresh: 0.65
free_thresh: 0.196

