image: run2/Map_coverage.pgm
resolution: 0.050000
origin: [-4.616525, -4.060125, 0.000000]
negate: 0
occupied_thresh: 0.65
free_thresh: 0.196

