image: run1/Map_coverage.pgm
resolution: 0.050000
origin: [-4.543437, -4.057690, 0.000000]
negate: 0
occupied_thresh: 0.65
free_thresh: 0.196

