image: run0/Map_exploration.pgm
resolution: 0.050000
origin: [-5.876143, -4.075948, 0.000000]
negate: 0
occupied_thresh: 0.65
free_thresh: 0.196

