image: run6/Map_coverage.pgm
resolution: 0.050000
origin: [-4.933209, -4.058505, 0.000000]
negate: 0
occupied_thresh: 0.65
free_thresh: 0.196

