image: run4/Map_exploration.pgm
resolution: 0.050000
origin: [-5.880143, -3.185753, 0.000000]
negate: 0
occupied_thresh: 0.65
free_thresh: 0.196

