image: run0/Map_exploration.pgm
resolution: 0.050000
origin: [-5.829656, -4.053377, 0.000000]
negate: 0
occupied_thresh: 0.65
free_thresh: 0.196

