image: run7/Map_coverage.pgm
resolution: 0.050000
origin: [-3.183120, -4.044094, 0.000000]
negate: 0
occupied_thresh: 0.65
free_thresh: 0.196

