image: run7/Map_exploration.pgm
resolution: 0.050000
origin: [-4.641829, -3.154889, 0.000000]
negate: 0
occupied_thresh: 0.65
free_thresh: 0.196

