image: run1/Map_coverage.pgm
resolution: 0.050000
origin: [-5.873784, -4.061412, 0.000000]
negate: 0
occupied_thresh: 0.65
free_thresh: 0.196

