image: run1/Map_coverage.pgm
resolution: 0.050000
origin: [-3.184790, -4.059429, 0.000000]
negate: 0
occupied_thresh: 0.65
free_thresh: 0.196

