image: run7/Map_coverage.pgm
resolution: 0.050000
origin: [-5.867223, -4.061487, 0.000000]
negate: 0
occupied_thresh: 0.65
free_thresh: 0.196

