image: run4/Map_exploration.pgm
resolution: 0.050000
origin: [-5.883510, -3.161987, 0.000000]
negate: 0
occupied_thresh: 0.65
free_thresh: 0.196

