image: run4/Map_coverage.pgm
resolution: 0.050000
origin: [-4.909684, -4.061236, 0.000000]
negate: 0
occupied_thresh: 0.65
free_thresh: 0.196

