image: run9/Map_exploration.pgm
resolution: 0.050000
origin: [-3.182140, -2.331132, 0.000000]
negate: 0
occupied_thresh: 0.65
free_thresh: 0.196

