image: run8/Map_exploration.pgm
resolution: 0.050000
origin: [-5.869173, -4.056998, 0.000000]
negate: 0
occupied_thresh: 0.65
free_thresh: 0.196

